1.40408731906996
1.21518791999127
-0.833468781010950
-1.29824115174637
0.458596121264145
-0.780853092689595
-1.28083301193364
-0.0903153010827145
0.457543012329944
2.53106313135752
2.29638424172333
1.90128829337365
-1.27539854171814
-1.13975553682032
0.0261217878469915
-0.589939293517252
0.465096402198022
-1.06199651190263
-0.383329772973902
-0.258209877397753
-1.04878250124266
-1.25992754021252
-1.01251557426514
-1.12314803388739
-1.35996063433145
-0.380038784382696
-1.28874907993633
-1.01383690153149
-0.413092179761611
-1.27278825267616
-0.408257613201839
-1.48112820137634
-1.20109257120207
-0.636588870218538
-1.17967159648497
-1.02819739951152
-0.832394085055717
-0.482819145907586
-1.14096263838753
-0.892025047122273
-0.746941783442370
-0.989356423818975
-1.20433032120601
-0.935843676041117
-1.30350493920538
-0.928108206867394
-1.30970296691362
-1.24900247395491
-1.65762870671222
-0.822285703728587
-0.176765738565604
-1.32000476807939
-1.07780321525271
-0.0233841617049963
-1.47794154054107
-0.567896619850309
-1.03267871504003
-0.438016343123946
-0.485381867936734
-0.603004556432906
-0.186455426495858
-1.05705464683221
-1.38678359753644
-1.37652115198686
-1.66877016118547
-0.972164747724118
-0.852627627661284
-1.47567309956488
-1.20016850032532
-1.35612870497418
-0.280948467430596
-0.782561072611423
-0.852567066726175
-0.661618460301703
-1.30874861975866
-1.36324375414910
-0.922870229205401
-1.27178889276513
-0.828859135515967
-1.38258699140453
1.83041831499710
1.28653861251125
1.75781824030150
0.656337537360800
1.08322834592463
-0.777145800524476
-1.19752993249592
0.684754247487412
-0.619307677220555
1.23630536198864
-0.0822317141892693
0.931644260635082
-1.07302794142376
-1.16694930535045
-0.894208350491843
-0.399414041088592
0.172320751275626
0.00167028803956410
0.0916032470380409
-0.111337542558116
0.422259422409152
0.351145453322607
-0.543825767610642
0.352969208794981
0.904676231033753
-0.670728856850796
-0.00851668318287400
0.662503507807170
0.0154520001927931
-0.835813737031291
-1.03978424717456
-0.349878249247457
0.0299384564819084
-0.776936261111568
0.492287784780857
-0.926862953093776
0.293561257234252
-0.242167309309440
-1.18419753527438
-1.03472320489476
-1.05962906875916
0.592037480580279
0.121828905570318
0.251209419538751
-1.18341269513332
-0.333015738279635
-0.229558697388256
-0.516561082683387
-0.785490666166491
-1.18412319478982
-0.473440435365149
-0.800951522117541
-1.20850789020456
0.842924518264087
0.118424962020674
0.0367436224532508
-0.580827933799349
-1.07324017796758
0.954709553579806
0.948359753091352
-0.272164208825703
0.748574594518796
0.867580474707456
0.282369104060206
-0.603050249081705
-0.508608108904695
-0.695974105956076
-1.01139135304770
-0.219710926774905
1.07179565577894
0.255895368253621
0.957070131634292
-0.713785444930613
-0.348892816613287
-0.191412990940481
0.322079451342907
0.606236989486608
-1.18983196449214
-1.04021150162974
-1.11729085440333
1.40091525208664
0.884503838459692
-1.14405927839652
-1.09791060216015
-0.882833608730231
-0.547705175789998
-0.862721660619040
-1.17828912793055
-0.930323750149274
0.837920583999164
0.750558504154235
-1.50576480748745
0.614666958030603
-1.05318079164679
-1.14216000230554
-0.753111811496867
-0.488188198236977
-0.299011144498137
-0.633050034088656
-0.825569374841315
0.278031368414665
0.0803363629891923
-0.186613742251041
-0.0271662477984068
0.751739200985752
-0.508946704668275
-0.00700259144431389
-0.600080989910207
-0.637080296656887
-0.821114533191332
0.372406788494451
-0.811224456288539
-1.07754700142274
0.671255855294480
-0.771748290823884
-1.37330690928258
0.876555962897218
-0.368836523897549
-0.833103768227894
-0.0682836273196290
-0.146673315086864
1.07785704130726
-1.02285367053955
-1.48545509675422
-1.17147651626116
-0.365066730887020
0.124055091490548
-0.772527188878461
0.0444736783213195
-1.42994558389906
-0.836534053213346
-0.800493442522017
-0.847373166012156
-1.35900823471537
-1.19424456317030
-1.07367309667013
-0.760165847085201
-0.131024405820579
0.536657615298477
-0.256032674533782
-1.15729048521933
-1.45350537774021
-1.00335543707282
-1.34086259621362
-1.24571207796534
-1.03555665697889
-0.265978079438924
0.474171677766405
-1.18059142327337
-0.784058149482664
0.0425051619271447
-0.835486216080426
-1.09998400266998
-0.598549710123778
-0.398843840822269
0.505897075712759
-0.354911170437072
-0.0208339610112893
-0.781702923016838
-0.986176065362562
-1.26206115220738
-1.06755603331829
-1.24503457712138
-1.25059174884574
-1.15756586345984
-0.575940439287357
-1.16554302484643
-1.21575318664630
-1.64387517807708
-1.09130409529589
-1.04400516021081
-1.33215989462674
-0.976207357073222
-1.22109028733175
-1.07315362507598
-1.24186354604318
-0.368957407319770
-0.978988268509009
-0.896644397994356
-0.951120182534862
-0.249104833159395
-1.08277219077693
-0.876401083088669
-1.13236339702073
-0.489498886804409
-1.31715778172346
-1.03787646023532
-0.970092349801202
-0.686349234034925
-0.283010031919691
-0.840636974992721
-0.702775789374855
-1.09364500736255
-0.960488137778377
-1.11260038388579
-0.475567480930481
-0.930066307038019
-0.604143576136492
-1.02300261850985
-1.39262925115962
-1.50638153680968
-1.46047146428245
-1.48256429736169
-1.70428305543203
-1.45211621322092
-1.08394567203346
-0.946218573402981
-1.38745863409687
-0.0629593598959578
-1.03079991347993
-0.713720104700730
-0.904444571753929
-1.20671924096734
-0.966566507140584
-1.10479371770717
-1.22968891953949
-1.21784696084281
-1.22633725466795
-0.946821777324521
-1.32582993770434
-0.928208535745416
-1.36861944310200
-1.22260034202267
-1.38540861192470
-1.32681510452549
-1.07282795685865
-0.624640164102172
-1.16464091007023
-0.516538891226372
-1.22286455050210
-0.692745641645396
-1.08889264414093
-1.00565332652008
-1.19233405998879
-1.29061830098036
-1.31686546550816
-0.993036696692361
-1.13589115816374
-0.990143372087343
-1.09835214705948
-0.983489387100512
-1.04544725507857
-1.28894567326665
-0.840870467996452
-1.08283194446490
-1.28654308413220
-0.568361126452721
-0.227507607252073
-1.12405522635478
-0.697979736757138
-0.752022762756880
-1.31127288323702
-0.835716552145785
-0.311984836870128
-0.737025144110117
-0.672028022577554
-0.214255251161074
-0.538155427958351
-0.545022212689832
-0.386792799037732
-1.22576406619747
-0.810376889406618
-0.323093887067513
-0.569138212562238
-0.483042317613045
-0.753579056461997
-1.33084356711618
-1.23835552442280
-0.413720111093923
-0.973364709218371
-1.09373135465822
-0.448224263204851
-0.710869708562938
-0.732802731597453
-1.50295808530069
-1.18855568772383
-1.28131326758478
-0.746673063030201
-0.869661877671597
-0.365407054860190
-0.788582734970432
-1.43604612542765
-0.876959187658609
-1.13254404634288
-0.591227717078295
-0.237054467679343
-0.759139573715290
-0.710507313386832
0.254938762936741
-0.149236137787571
-1.11872220624606
-0.0583515244185885
0.0389138011896674
-0.629321960602480
-0.133560835995467
-0.812211830645238
-0.810781752939498
-0.929457795485399
-0.843905793340115
-1.06676706899935
-1.26704164846609
-1.25458905140339
-1.14274386923617
-1.10657214973073
-1.00266352473521
-0.587267080907175
-0.937172326462179
-1.17898495316819
-1.04017530192318
-1.16013360510964
-1.18636169144887
-0.465116180997199
-1.21469577337742
-0.931847663569055
-0.513566552818474
-1.22178607671578
-0.593458022797243
0.353913015642419
-0.119450842434387
-0.0106042999490007
-0.744459750978944
-0.603282253927917
-0.705914106624912
0.237190281700605
-0.764648556926010
-0.244495093407978
-0.192094812808998
0.0124800124659707
-0.496434737088295
-0.0802084448007080
-0.451371291128259
-0.365956975014941
-0.245450017169922
-0.500105750242036
-0.241280305540999
-0.439408070528392
0.163964003238171
0.0114061122508673
0.425529346654678
0.416002859999259
-0.292776784154097
0.0963688112728500
0.184630315050768
0.0603647078776946
-0.259845205443180
-0.173402386465434
-0.167174593530075
0.451477912683823
0.371550457251093
-0.528136101944046
-0.305481979703968
0.447558190855472
-1.14549746550001
-0.259206224860689
-0.119856675584863
-0.512763125029203
-0.654045456446581
0.0244456024269358
-0.0296105551988408
-0.0475700909330879
0.116204967731265
-0.0302688812255436
0.0537922169842788
-0.719744154222761
-0.192379313248505
0.0475628343848345
0.531386510762063
0.00122553390654039
-0.140840990040292
-0.255677791498165
0.119002211006757
-0.228325218275221
0.192947340121675
-0.132815713078807
-0.0822526287667403
0.293982421182574
0.302060016354777
-0.0723800378282465
-0.0550444621224002
-0.430746872999568
-0.398045882215527
-0.626070047217084
-0.543489884916229
-0.795246013688979
-0.584778774317593
-0.0681276542237348
0.346195241953510
-0.168077968931944
0.402456759660264
-0.729801529282557
-0.460770961627572
-0.459317833082967
0.130617517522998
-0.208292242418735
-0.00457430181510720
-0.139889433998464
-0.0912183273646473
-0.104829155991448
-0.216486844079070
-0.643348343858992
