-1.23734337429052
-0.0729201894759605
-1.03551749389661
-1.27755290108108
-1.10168192935335
-0.534355043307542
-1.35914690611404
-1.55104431457384
-1.01870192662566
-0.850331286463520
-0.0587433102038479
-0.648991298804502
-1.35301244529289
-1.17316709360606
-0.799079335027887
-1.36174249536767
-0.903185650062848
-0.860375881823265
-0.506985829548835
-0.646066445980838
-1.26519450999104
-1.18470563720551
-0.934464628114453
-1.39081558427768
-1.32819948822583
-0.771017544171542
-1.27432791603823
-1.19934349263353
-0.796416329946342
-1.03767966768508
-1.31538057650864
-1.16279642835284
-0.912356255293886
-1.31584052723898
-0.896982096230708
-1.34113651659964
-0.676301768177924
-1.48134159541246
-1.18549542671051
-1.20070291558905
-1.50969052645813
-1.36839695784112
-1.48787581239961
-1.04097683674785
-1.36001849944479
-1.46372687529027
-1.82385695076561
-1.20028238995217
-1.50379398021114
-1.65868888035731
-1.54421038616106
-1.38137419530040
-0.669607017687053
-1.15780468896408
-1.40839181694638
-1.53917112078450
-1.51534612565218
-1.23684153495831
-1.51394185216538
-0.948465094638460
-1.36795105991665
-1.29994868637736
-1.64293155469501
-1.25226904418475
-0.698779283383832
-1.36485737047873
-1.46788651408259
-1.19568316745501
-1.18976129047267
-1.16035754212465
-0.965485672360746
-1.26391188170408
-1.05546765184957
-1.31576876651488
-1.22704984343391
-0.838177793464252
-1.27518486952755
-1.45207821051735
-1.83535966029925
-0.869777490690916
-0.384666973242409
-0.568034076616852
-0.532327572677106
-1.12434811097490
-0.443408621505264
-0.0268016020387015
-0.625168162058069
-1.54602599547665
0.321572697181743
-1.23384575171394
0.116558352105300
-0.0595111711338019
-0.875888701246726
-0.950048957503473
-1.09360986364573
-0.914899006400212
-1.27709105087524
-0.265499161748431
-0.966907082834662
-0.884564098133490
0.185396302159319
-0.876826331473890
-0.397800906077569
-0.702366464436917
-0.467848903019798
-0.930580025455623
-1.04886330764390
-0.458839744060181
-1.06300549537008
-0.575684753934129
-1.28949146021200
-1.08659882668944
-0.976724330685147
-0.950712004815577
-0.966694676941609
-1.08460954109515
-1.17208996767828
-0.635631128307565
-1.10617226896042
-0.506260020660853
-0.406659293277054
-1.04870499668633
-1.16824459978067
-1.26171841910194
-0.838566182674141
-0.920219569145855
-1.31434320750927
-1.08914813264558
-0.526177889946477
-1.01859872266182
-0.595082864930164
-1.49172934695967
-0.759307114547279
-0.950353106774687
-1.44312651104999
-0.963839124742363
-0.872999893565039
0.625585399441888
-0.538052917793251
0.183269946303880
-0.209023735220455
-0.147490935409598
-0.348101001286829
-0.689676353356699
-1.11711503233808
-0.358320395614345
-0.834722975099399
-0.944276068899543
-0.879099231147743
-1.36971681705243
-1.17397825360619
-0.422950086979005
-0.689323886725742
-0.763246642539414
-0.703576162325559
-0.556185511026402
-0.590583416956835
-1.38225197496388
-1.20124196490068
-1.23273707447211
-0.951915025347353
-1.02638392452752
-0.825714378927535
-0.851684589566608
-0.824682917528396
-0.935081812590467
-1.56615304461479
-1.16988591677629
-0.779668556861789
-1.23685378924042
-0.840653414681721
-0.836870789464538
-0.851111930549390
-1.26138262111545
-1.23218169219807
-1.33811459202083
-1.22869254275194
-0.101603892489782
-1.28538519432124
-1.01167716354495
-0.676873197754055
-0.507974730009334
-1.00862023267452
-1.32224321727832
-0.821785418532402
-1.41697642751069
-0.519423675522899
-1.25688996324539
-1.33013728831241
-0.188623933119613
-1.25589329587763
-0.848949041110540
-1.19495458867825
-1.03749853717267
-0.610198127016099
-1.27777360303735
-1.61761263296572
-1.10762658673259
-1.11683203553888
-0.883714588972004
-1.08518698360637
-1.45997390198874
-1.00160839068247
-0.800565962423019
-1.35752848389208
-1.28501087849464
-1.18082339166666
-1.29726423194751
-1.37975348686179
-1.34548909527896
-1.09054127820490
-1.26595767334547
-0.427087773775730
-1.36452285940890
-1.46076705919507
-0.466265387996657
-0.928281976214413
-0.262973537662886
-1.02327531602972
-0.274420407646578
-1.34617789692308
-0.750809559522138
-1.04405949774625
-1.37607351732912
-1.18102436892452
-0.380581860473935
-1.36523812650585
-0.291623541904008
-1.47591219719677
-0.871955781563898
-0.513459954841357
-1.25051142272984
-0.989882622415590
-1.15853336420321
-1.38255701528947
-0.958026805655964
-1.04278654809893
-1.20952008567925
-1.37075564801624
-1.61824701433874
-0.616340174717666
-0.739476363870494
-0.472051105949213
-0.622393770808507
-1.08075096279622
-0.557082460584631
-1.26394604896564
-0.0851962477743871
-0.0844102933427383
-0.889523150829286
-1.32024343027577
-1.13525600720382
-1.03309436436861
-0.659873563058608
1.10793901866486
0.971653128590941
0.496830908639643
-0.366148166077440
0.0569442711824186
-0.815663692276369
0.460718548365946
-0.380061703224705
-0.911546467818097
-0.307185379562113
0.297090181136442
-0.0843437324281093
-0.733769226348503
-0.253887137714486
-0.523038103185143
0.225000231374886
0.160997730931745
-0.300798542925249
-0.877792574109578
-1.12985428275560
-0.666471196239860
-0.537816591168301
0.0540264173396440
0.289778734186703
0.107732378488600
-0.786645911606902
-0.597381538189246
-0.667649182454978
-1.26393814295028
0.802477629497312
0.185383744426616
1.21609989567818
0.596157523946826
-0.380647575559873
-1.05416048572416
-1.22177626300329
-0.478046552124431
-1.17660228056318
-0.0613193678767375
0.204627568794229
0.573564301949811
0.518238486121652
-0.599609282624891
-0.367967552571833
-1.09586901644794
-0.933480707599566
-0.323206257774738
-1.06365735184512
-1.26001516340633
-0.582816310900622
-0.164187153706542
0.296336934485167
-0.0654504610006354
-0.741481490280851
-0.779203212242996
-0.738750391220334
-0.549200273984878
-0.755055360674120
-0.600480560426642
-0.950381311489538
0.0439207771290545
0.310475321129867
-0.724404204882179
-0.748328260134882
-0.942405905415637
-0.488978423219890
0.542114295892789
-1.07967088048549
-0.542005608673562
-0.790184801315092
-0.513667119581145
-0.145955752926980
-0.870049561166749
0.675330034385986
0.0233527354216243
0.537357472596552
-1.15358253121603
-0.162646937941157
0.555677071717517
0.362052257395767
-0.359930391329851
-0.113506185608174
-0.936528506898096
-0.477381984985354
-0.187247651572425
-0.446847786619748
-0.468823296450524
-1.10718371621412
-0.971568663817593
-0.421673791802227
-0.714578172669540
0.362609222201346
0.243396922359702
-0.760799654576634
-0.811087298090562
-0.745031029060007
-0.915023628933909
-1.29520882107571
-0.226340364141574
-0.295248122621909
-0.150380216994283
1.12725071332953
0.172939899269736
-1.18009033270934
-0.942539695544515
-1.18845849994118
-0.765370964527990
-0.0716729846944088
0.417518084512529
-0.150432436482544
-0.453521029489460
1.22314249843188
1.42358964990294
0.736082293904028
0.220117745843171
-0.257337959712150
-0.970497958605638
-0.705141397844070
-0.752199643548188
-0.386423298050351
-1.28476278159927
-0.317601505813813
0.234016162160523
-0.991285491517639
-1.01265107335487
-0.437496784336236
-0.785895347731381
0.197331750153693
-0.0613293132443825
-0.316499391753720
-1.35667968251225
-0.518622838242673
-0.795059912240276
-0.332608912022073
-0.964413545085061
-0.534739022757210
1.06353754185612
0.00304510500785954
0.626336606143898
0.317870743804501
0.309440730168951
-0.126572569770375
-0.223559992993623
-0.0531505518103005
-0.0940721543619332
0.357750945662528
-0.0968808339009044
1.80231821365376
0.910094303384974
0.680772802587734
0.438797766067596
0.643993581344179
0.613027272716295
-0.170316189964616
0.407725745146966
1.30206308411311
0.895330468608229
1.38730120428140
1.50416796625306
1.47202627751593
1.67205593414199
0.502536380871519
0.640494218864278
0.733304122218843
1.13864823548151
0.314392705838664
0.671021594756052
0.736013514539183
1.07299173696672
-0.0335256992648901
1.08787388047802
0.881965895885705
0.512942356445570
1.66507786249263
1.00683064955301
0.552959087124005
0.267271472335271
0.753620751638318
1.22684314125331
0.269829072686176
1.39476986549086
0.291845729080722
0.00247477594833474
-0.364456873942003
0.534039528004021
0.664886558181687
0.585775410192980
0.675078993977231
1.41320205496900
0.751773970966148
0.876772084434228
0.630633438496074
1.43273798460945
1.08234209368973
1.60948646843798
0.347851298723014
1.02789169072238
0.532818011555579
0.748454597578305
0.648465069032110
0.661599458432838
0.705784824625888
1.61820703115485
1.53728703798644
0.632116663245378
1.16221523339941
1.32430584962236
0.465461033813236
1.25161002257891
0.407324631089465
1.09624777349830
0.613580519301155
0.662646507631969
0.0978895304314541
1.14144642993554
0.767957165128264
1.01497883763685
1.18072675676773
1.23600663346650
1.44593597846794
1.28266580414414
1.26775465117002
0.686335442845016
0.614019335143349
1.18131289818307
0.790708877283976
